# sigma_coh 1
# q axis values in 1/{\AA}
0.01	0.0119336	0.0138672	0.0158008	0.0177344	0.019668	0.0216016	0.0235352	0.0254687	0.0274023	0.0293359	0.0312695	0.0332031	0.0351367	0.0370703	0.0390039	0.0409375	0.0428711	0.0448047	0.0467383	0.0486719	0.0506055	0.0525391	0.0544727	0.0564062	0.0583398	0.0602734	0.062207	0.0641406	0.0660742	0.0680078	0.0699414	0.071875	0.0738086	0.0757422	0.0776758	0.0796094	0.081543	0.0834766	0.0854102	0.0873437	0.0892773	0.0912109	0.0931445	0.0950781	0.0970117	0.0989453	0.100879	0.102813	0.104746	0.10668	0.108613	0.110547	0.11248	0.114414	0.116348	0.118281	0.120215	0.122148	0.124082	0.126016	0.127949	0.129883	0.131816	0.13375	0.135684	0.137617	0.139551	0.141484	0.143418	0.145352	0.147285	0.149219	0.151152	0.153086	0.15502	0.156953	0.158887	0.16082	0.162754	0.164687	0.166621	0.168555	0.170488	0.172422	0.174355	0.176289	0.178223	0.180156	0.18209	0.184023	0.185957	0.187891	0.189824	0.191758	0.193691	0.195625	0.197559	0.199492	0.201426	0.203359	0.205293	0.207227	0.20916	0.211094	0.213027	0.214961	0.216895	0.218828	0.220762	0.222695	0.224629	0.226562	0.228496	0.23043	0.232363	0.234297	0.23623	0.238164	0.240098	0.242031	0.243965	0.245898	0.247832	0.249766	0.251699	0.253633	0.255566	0.2575	0.259434	0.261367	0.263301	0.265234	0.267168	0.269102	0.271035	0.272969	0.274902	0.276836	0.27877	0.280703	0.282637	0.28457	0.286504	0.288438	0.290371	0.292305	0.294238	0.296172	0.298105	0.300039	0.301973	0.303906	0.30584	0.307773	0.309707	0.311641	0.313574	0.315508	0.317441	0.319375	0.321309	0.323242	0.325176	0.327109	0.329043	0.330977	0.33291	0.334844	0.336777	0.338711	0.340645	0.342578	0.344512	0.346445	0.348379	0.350313	0.352246	0.35418	0.356113	0.358047	0.35998	0.361914	0.363848	0.365781	0.367715	0.369648	0.371582	0.373516	0.375449	0.377383	0.379316	0.38125	0.383184	0.385117	0.387051	0.388984	0.390918	0.392852	0.394785	0.396719	0.398652	0.400586	0.40252	0.404453	0.406387	0.40832	0.410254	0.412187	0.414121	0.416055	0.417988	0.419922	0.421855	0.423789	0.425723	0.427656	0.42959	0.431523	0.433457	0.435391	0.437324	0.439258	0.441191	0.443125	0.445059	0.446992	0.448926	0.450859	0.452793	0.454727	0.45666	0.458594	0.460527	0.462461	0.464395	0.466328	0.468262	0.470195	0.472129	0.474062	0.475996	0.47793	0.479863	0.481797	0.48373	0.485664	0.487598	0.489531	0.491465	0.493398	0.495332	0.497266	0.499199	0.501133	0.503066	0.505	0.506934	0.508867	0.510801	0.512734	0.514668	0.516602	0.518535	0.520469	0.522402	0.524336	0.52627	0.528203	0.530137	0.53207	0.534004	0.535937	0.537871	0.539805	0.541738	0.543672	0.545605	0.547539	0.549473	0.551406	0.55334	0.555273	0.557207	0.559141	0.561074	0.563008	0.564941	0.566875	0.568809	0.570742	0.572676	0.574609	0.576543	0.578477	0.58041	0.582344	0.584277	0.586211	0.588145	0.590078	0.592012	0.593945	0.595879	0.597812	0.599746	0.60168	0.603613	0.605547	0.60748	0.609414	0.611348	0.613281	0.615215	0.617148	0.619082	0.621016	0.622949	0.624883	0.626816	0.62875	0.630684	0.632617	0.634551	0.636484	0.638418	0.640352	0.642285	0.644219	0.646152	0.648086	0.65002	0.651953	0.653887	0.65582	0.657754	0.659687	0.661621	0.663555	0.665488	0.667422	0.669355	0.671289	0.673223	0.675156	0.67709	0.679023	0.680957	0.682891	0.684824	0.686758	0.688691	0.690625	0.692559	0.694492	0.696426	0.698359	0.700293	0.702227	0.70416	0.706094	0.708027	0.709961	0.711895	0.713828	0.715762	0.717695	0.719629	0.721562	0.723496	0.72543	0.727363	0.729297	0.73123	0.733164	0.735098	0.737031	0.738965	0.740898	0.742832	0.744766	0.746699	0.748633	0.750566	0.7525	0.754434	0.756367	0.758301	0.760234	0.762168	0.764102	0.766035	0.767969	0.769902	0.771836	0.77377	0.775703	0.777637	0.77957	0.781504	0.783438	0.785371	0.787305	0.789238	0.791172	0.793105	0.795039	0.796973	0.798906	0.80084	0.802773	0.804707	0.806641	0.808574	0.810508	0.812441	0.814375	0.816309	0.818242	0.820176	0.822109	0.824043	0.825977	0.82791	0.829844	0.831777	0.833711	0.835645	0.837578	0.839512	0.841445	0.843379	0.845313	0.847246	0.84918	0.851113	0.853047	0.85498	0.856914	0.858848	0.860781	0.862715	0.864648	0.866582	0.868516	0.870449	0.872383	0.874316	0.87625	0.878184	0.880117	0.882051	0.883984	0.885918	0.887852	0.889785	0.891719	0.893652	0.895586	0.89752	0.899453	0.901387	0.90332	0.905254	0.907188	0.909121	0.911055	0.912988	0.914922	0.916855	0.918789	0.920723	0.922656	0.92459	0.926523	0.928457	0.930391	0.932324	0.934258	0.936191	0.938125	0.940059	0.941992	0.943926	0.945859	0.947793	0.949727	0.95166	0.953594	0.955527	0.957461	0.959395	0.961328	0.963262	0.965195	0.967129	0.969063	0.970996	0.97293	0.974863	0.976797	0.97873	0.980664	0.982598	0.984531	0.986465	0.988398	0.990332	0.992266	0.994199	0.996133	0.998066	1
# value in meV (1 value, we consider purely elastic scattering)
2.273
# S(q,\omega) (1 line per q-value)
8.67523
8.76817
8.87907
9.00889
9.15871
9.32986
9.52383
9.74239
9.98753
10.2615
10.567
10.907
11.2847
11.704
12.169
12.6843
13.2549
13.8864
14.5844
15.3546
16.2026
17.1332
18.1496
19.2522
20.4374
21.6952
23.0064
24.3405
25.6522
26.8808
27.9504
28.7758
29.2719
29.3681
29.0231
28.2366
27.0511
25.5454
23.8183
21.9725
20.1
18.2735
16.5441
14.9431
13.4854
12.1744
11.0056
9.96963
9.05499
8.24926
7.54015
6.91608
6.36643
5.88168
5.45341
5.07419
4.73757
4.43794
4.17043
3.93084
3.71553
3.52137
3.34566
3.18608
3.04065
2.90763
2.78557
2.6732
2.56946
2.47341
2.38427
2.30135
2.22407
2.15192
2.08446
2.0213
1.96212
1.90659
1.85446
1.80548
1.75944
1.71613
1.67537
1.637
1.60085
1.56679
1.53468
1.5044
1.47583
1.44886
1.42339
1.39933
1.37659
1.35509
1.33476
1.31551
1.29729
1.28003
1.26367
1.24816
1.23344
1.21947
1.20621
1.19362
1.18164
1.17025
1.15942
1.14911
1.13929
1.12993
1.12102
1.11251
1.1044
1.09665
1.08925
1.08219
1.07543
1.06897
1.0628
1.05688
1.05122
1.0458
1.0406
1.03562
1.03084
1.02626
1.02186
1.01763
1.01358
1.00968
1.00593
1.00233
0.998864
0.995529
0.99232
0.989229
0.986253
0.983385
0.98062
0.977955
0.975385
0.972905
0.970512
0.968202
0.965972
0.963818
0.961736
0.959725
0.95778
0.9559
0.954081
0.952322
0.950619
0.948971
0.947375
0.94583
0.944333
0.942882
0.941476
0.940113
0.938792
0.93751
0.936267
0.93506
0.933889
0.932753
0.931649
0.930577
0.929536
0.928525
0.927542
0.926587
0.925658
0.924755
0.923877
0.923023
0.922192
0.921383
0.920596
0.91983
0.919084
0.918358
0.91765
0.916961
0.91629
0.915636
0.914998
0.914376
0.913771
0.91318
0.912603
0.912041
0.911493
0.910958
0.910436
0.909926
0.909429
0.908943
0.908469
0.908006
0.907554
0.907112
0.90668
0.906259
0.905846
0.905444
0.90505
0.904665
0.904288
0.90392
0.90356
0.903208
0.902863
0.902526
0.902197
0.901874
0.901558
0.901249
0.900946
0.900649
0.900359
0.900075
0.899796
0.899524
0.899257
0.898995
0.898738
0.898487
0.898241
0.897999
0.897762
0.89753
0.897303
0.89708
0.896861
0.896646
0.896436
0.896229
0.896027
0.895828
0.895633
0.895442
0.895254
0.895069
0.894888
0.894711
0.894536
0.894365
0.894197
0.894032
0.893869
0.89371
0.893553
0.8934
0.893249
0.8931
0.892954
0.892811
0.89267
0.892531
0.892395
0.892262
0.89213
0.892001
0.891873
0.891748
0.891625
0.891504
0.891385
0.891268
0.891153
0.89104
0.890929
0.890819
0.890711
0.890605
0.8905
0.890398
0.890296
0.890197
0.890099
0.890002
0.889907
0.889813
0.889721
0.88963
0.889541
0.889453
0.889366
0.889281
0.889197
0.889114
0.889032
0.888952
0.888873
0.888794
0.888717
0.888642
0.888567
0.888493
0.888421
0.888349
0.888278
0.888209
0.88814
0.888073
0.888006
0.88794
0.887876
0.887812
0.887749
0.887686
0.887625
0.887565
0.887505
0.887446
0.887388
0.887331
0.887274
0.887218
0.887163
0.887109
0.887055
0.887003
0.88695
0.886899
0.886848
0.886798
0.886748
0.886699
0.886651
0.886603
0.886556
0.88651
0.886464
0.886419
0.886374
0.88633
0.886286
0.886243
0.886201
0.886159
0.886117
0.886076
0.886036
0.885996
0.885956
0.885917
0.885878
0.88584
0.885803
0.885765
0.885729
0.885692
0.885656
0.885621
0.885586
0.885551
0.885517
0.885483
0.885449
0.885416
0.885383
0.885351
0.885319
0.885288
0.885256
0.885225
0.885195
0.885165
0.885135
0.885105
0.885076
0.885047
0.885018
0.88499
0.884962
0.884934
0.884907
0.88488
0.884853
0.884827
0.8848
0.884775
0.884749
0.884723
0.884698
0.884674
0.884649
0.884625
0.884601
0.884577
0.884553
0.88453
0.884507
0.884484
0.884461
0.884439
0.884417
0.884395
0.884373
0.884352
0.88433
0.884309
0.884288
0.884268
0.884247
0.884227
0.884207
0.884187
0.884168
0.884148
0.884129
0.88411
0.884091
0.884072
0.884054
0.884035
0.884017
0.883999
0.883981
0.883964
0.883946
0.883929
0.883912
0.883895
0.883878
0.883861
0.883845
0.883828
0.883812
0.883796
0.88378
0.883764
0.883749
0.883733
0.883718
0.883703
0.883688
0.883673
0.883658
0.883643
0.883629
0.883614
0.8836
0.883586
0.883572
0.883558
0.883544
0.88353
0.883517
0.883504
0.88349
0.883477
0.883464
0.883451
0.883438
0.883425
0.883413
0.8834
0.883388
0.883376
0.883363
0.883351
0.883339
0.883327
0.883316
0.883304
0.883292
0.883281
0.88327
0.883258
0.883247
0.883236
0.883225
0.883214
0.883203
0.883192
0.883182
0.883171
0.883161
0.88315
0.88314
0.88313
0.883119
0.883109
0.883099
0.883089
0.88308
0.88307
0.88306
0.883051
0.883041
0.883032
0.883022
0.883013
0.883004
0.882994
0.882985
0.882976
0.882967
0.882959
0.88295
0.882941
0.882932
0.882924
0.882915
0.882907
0.882898
0.88289
0.882882
0.882873
0.882865
